 1.00000000e+00  5.35119262e+01  1.00000000e+00  1.79993940e+02 
 1.07977516e+00  5.35119262e+01  1.07977516e+00  1.79993445e+02 
 1.16591440e+00  5.35119262e+01  1.16591440e+00  1.79992910e+02 
 1.25892541e+00  5.35119262e+01  1.25892541e+00  1.79992332e+02 
 1.35935639e+00  5.35119262e+01  1.35935639e+00  1.79991708e+02 
 1.46779927e+00  5.35119261e+01  1.46779927e+00  1.79991035e+02 
 1.58489319e+00  5.35119261e+01  1.58489319e+00  1.79990307e+02 
 1.71132830e+00  5.35119261e+01  1.71132830e+00  1.79989522e+02 
 1.84784980e+00  5.35119261e+01  1.84784980e+00  1.79988674e+02 
 1.99526231e+00  5.35119260e+01  1.99526231e+00  1.79987758e+02 
 2.15443469e+00  5.35119260e+01  2.15443469e+00  1.79986769e+02 
 2.32630507e+00  5.35119260e+01  2.32630507e+00  1.79985702e+02 
 2.51188643e+00  5.35119259e+01  2.51188643e+00  1.79984549e+02 
 2.71227258e+00  5.35119259e+01  2.71227258e+00  1.79983304e+02 
 2.92864456e+00  5.35119258e+01  2.92864456e+00  1.79981960e+02 
 3.16227766e+00  5.35119257e+01  3.16227766e+00  1.79980509e+02 
 3.41454887e+00  5.35119257e+01  3.41454887e+00  1.79978942e+02 
 3.68694506e+00  5.35119256e+01  3.68694506e+00  1.79977250e+02 
 3.98107171e+00  5.35119254e+01  3.98107171e+00  1.79975423e+02 
 4.29866235e+00  5.35119253e+01  4.29866235e+00  1.79973450e+02 
 4.64158883e+00  5.35119251e+01  4.64158883e+00  1.79971320e+02 
 5.01187234e+00  5.35119250e+01  5.01187234e+00  1.79969020e+02 
 5.41169527e+00  5.35119248e+01  5.41169527e+00  1.79966537e+02 
 5.84341413e+00  5.35119245e+01  5.84341413e+00  1.79963855e+02 
 6.30957344e+00  5.35119242e+01  6.30957344e+00  1.79960959e+02 
 6.81292069e+00  5.35119239e+01  6.81292069e+00  1.79957833e+02 
 7.35642254e+00  5.35119235e+01  7.35642254e+00  1.79954457e+02 
 7.94328235e+00  5.35119230e+01  7.94328235e+00  1.79950811e+02 
 8.57695899e+00  5.35119225e+01  8.57695899e+00  1.79946875e+02 
 9.26118728e+00  5.35119219e+01  9.26118728e+00  1.79942625e+02 
 1.00000000e+01  5.35119212e+01  1.00000000e+01  1.79938036e+02 
 1.07977516e+01  5.35119203e+01  1.07977516e+01  1.79933080e+02 
 1.16591440e+01  5.35119193e+01  1.16591440e+01  1.79927730e+02 
 1.25892541e+01  5.35119182e+01  1.25892541e+01  1.79921952e+02 
 1.35935639e+01  5.35119168e+01  1.35935639e+01  1.79915714e+02 
 1.46779927e+01  5.35119153e+01  1.46779927e+01  1.79908978e+02 
 1.58489319e+01  5.35119134e+01  1.58489319e+01  1.79901705e+02 
 1.71132830e+01  5.35119113e+01  1.71132830e+01  1.79893851e+02 
 1.84784980e+01  5.35119088e+01  1.84784980e+01  1.79885371e+02 
 1.99526231e+01  5.35119060e+01  1.99526231e+01  1.79876214e+02 
 2.15443469e+01  5.35119026e+01  2.15443469e+01  1.79866327e+02 
 2.32630507e+01  5.35118987e+01  2.32630507e+01  1.79855651e+02 
 2.51188643e+01  5.35118941e+01  2.51188643e+01  1.79844123e+02 
 2.71227258e+01  5.35118888e+01  2.71227258e+01  1.79831676e+02 
 2.92864456e+01  5.35118825e+01  2.92864456e+01  1.79818236e+02 
 3.16227766e+01  5.35118753e+01  3.16227766e+01  1.79803724e+02 
 3.41454887e+01  5.35118668e+01  3.41454887e+01  1.79788054e+02 
 3.68694506e+01  5.35118570e+01  3.68694506e+01  1.79771134e+02 
 3.98107171e+01  5.35118455e+01  3.98107171e+01  1.79752864e+02 
 4.29866235e+01  5.35118321e+01  4.29866235e+01  1.79733137e+02 
 4.64158883e+01  5.35118165e+01  4.64158883e+01  1.79711836e+02 
 5.01187234e+01  5.35117983e+01  5.01187234e+01  1.79688836e+02 
 5.41169527e+01  5.35117770e+01  5.41169527e+01  1.79664002e+02 
 5.84341413e+01  5.35117523e+01  5.84341413e+01  1.79637186e+02 
 6.30957344e+01  5.35117234e+01  6.30957344e+01  1.79608231e+02 
 6.81292069e+01  5.35116898e+01  6.81292069e+01  1.79576967e+02 
 7.35642254e+01  5.35116505e+01  7.35642254e+01  1.79543208e+02 
 7.94328235e+01  5.35116048e+01  7.94328235e+01  1.79506757e+02 
 8.57695899e+01  5.35115515e+01  8.57695899e+01  1.79467399e+02 
 9.26118728e+01  5.35114893e+01  9.26118728e+01  1.79424901e+02 
 1.00000000e+02  5.35114168e+01  1.00000000e+02  1.79379014e+02 
 1.07977516e+02  5.35113323e+01  1.07977516e+02  1.79329467e+02 
 1.16591440e+02  5.35112337e+01  1.16591440e+02  1.79275968e+02 
 1.25892541e+02  5.35111188e+01  1.25892541e+02  1.79218203e+02 
 1.35935639e+02  5.35109849e+01  1.35935639e+02  1.79155832e+02 
 1.46779927e+02  5.35108287e+01  1.46779927e+02  1.79088487e+02 
 1.58489319e+02  5.35106467e+01  1.58489319e+02  1.79015772e+02 
 1.71132830e+02  5.35104344e+01  1.71132830e+02  1.78937261e+02 
 1.84784980e+02  5.35101869e+01  1.84784980e+02  1.78852490e+02 
 1.99526231e+02  5.35098984e+01  1.99526231e+02  1.78760963e+02 
 2.15443469e+02  5.35095621e+01  2.15443469e+02  1.78662141e+02 
 2.32630507e+02  5.35091699e+01  2.32630507e+02  1.78555444e+02 
 2.51188643e+02  5.35087128e+01  2.51188643e+02  1.78440247e+02 
 2.71227258e+02  5.35081799e+01  2.71227258e+02  1.78315874e+02 
 2.92864456e+02  5.35075586e+01  2.92864456e+02  1.78181597e+02 
 3.16227766e+02  5.35068344e+01  3.16227766e+02  1.78036631e+02 
 3.41454887e+02  5.35059901e+01  3.41454887e+02  1.77880128e+02 
 3.68694506e+02  5.35050060e+01  3.68694506e+02  1.77711175e+02 
 3.98107171e+02  5.35038589e+01  3.98107171e+02  1.77528789e+02 
 4.29866235e+02  5.35025219e+01  4.29866235e+02  1.77331909e+02 
 4.64158883e+02  5.35009636e+01  4.64158883e+02  1.77119394e+02 
 5.01187234e+02  5.34991474e+01  5.01187234e+02  1.76890015e+02 
 5.41169527e+02  5.34970308e+01  5.41169527e+02  1.76642448e+02 
 5.84341413e+02  5.34945644e+01  5.84341413e+02  1.76375273e+02 
 6.30957344e+02  5.34916905e+01  6.30957344e+02  1.76086960e+02 
 6.81292069e+02  5.34883422e+01  6.81292069e+02  1.75775870e+02 
 7.35642254e+02  5.34844416e+01  7.35642254e+02  1.75440243e+02 
 7.94328235e+02  5.34798983e+01  7.94328235e+02  1.75078192e+02 
 8.57695899e+02  5.34746071e+01  8.57695899e+02  1.74687700e+02 
 9.26118728e+02  5.34684462e+01  9.26118728e+02  1.74266611e+02 
 1.00000000e+03  5.34612742e+01  1.00000000e+03  1.73812625e+02 
 1.07977516e+03  5.34529271e+01  1.07977516e+03  1.73323296e+02 
 1.16591440e+03  5.34432154e+01  1.16591440e+03  1.72796026e+02 
 1.25892541e+03  5.34319197e+01  1.25892541e+03  1.72228066e+02 
 1.35935639e+03  5.34187868e+01  1.35935639e+03  1.71616516e+02 
 1.46779927e+03  5.34035251e+01  1.46779927e+03  1.70958331e+02 
 1.58489319e+03  5.33857986e+01  1.58489319e+03  1.70250327e+02 
 1.71132830e+03  5.33652219e+01  1.71132830e+03  1.69489200e+02 
 1.84784980e+03  5.33413538e+01  1.84784980e+03  1.68671541e+02 
 1.99526231e+03  5.33136902e+01  1.99526231e+03  1.67793866e+02 
 2.15443469e+03  5.32816578e+01  2.15443469e+03  1.66852653e+02 
 2.32630507e+03  5.32446066e+01  2.32630507e+03  1.65844392e+02 
 2.51188643e+03  5.32018035e+01  2.51188643e+03  1.64765641e+02 
 2.71227258e+03  5.31524256e+01  2.71227258e+03  1.63613107e+02 
 2.92864456e+03  5.30955552e+01  2.92864456e+03  1.62383733e+02 
 3.16227766e+03  5.30301760e+01  3.16227766e+03  1.61074805e+02 
 3.41454887e+03  5.29551718e+01  3.41454887e+03  1.59684078e+02 
 3.68694506e+03  5.28693282e+01  3.68694506e+03  1.58209910e+02 
 3.98107171e+03  5.27713384e+01  3.98107171e+03  1.56651420e+02 
 4.29866235e+03  5.26598141e+01  4.29866235e+03  1.55008640e+02 
 4.64158883e+03  5.25333024e+01  4.64158883e+03  1.53282680e+02 
 5.01187234e+03  5.23903084e+01  5.01187234e+03  1.51475877e+02 
 5.41169527e+03  5.22293253e+01  5.41169527e+03  1.49591923e+02 
 5.84341413e+03  5.20488704e+01  5.84341413e+03  1.47635967e+02 
 6.30957344e+03  5.18475268e+01  6.30957344e+03  1.45614654e+02 
 6.81292069e+03  5.16239887e+01  6.81292069e+03  1.43536120e+02 
 7.35642254e+03  5.13771083e+01  7.35642254e+03  1.41409901e+02 
 7.94328235e+03  5.11059401e+01  7.94328235e+03  1.39246772e+02 
 8.57695899e+03  5.08097807e+01  8.57695899e+03  1.37058516e+02 
 9.26118728e+03  5.04881999e+01  9.26118728e+03  1.34857619e+02 
 1.00000000e+04  5.01410601e+01  1.00000000e+04  1.32656923e+02 
 1.07977516e+04  4.97685229e+01  1.07977516e+04  1.30469253e+02 
 1.16591440e+04  4.93710413e+01  1.16591440e+04  1.28307045e+02 
 1.25892541e+04  4.89493394e+01  1.25892541e+04  1.26182001e+02 
 1.35935639e+04  4.85043806e+01  1.35935639e+04  1.24104791e+02 
 1.46779927e+04  4.80373271e+01  1.46779927e+04  1.22084827e+02 
 1.58489319e+04  4.75494953e+01  1.58489319e+04  1.20130105e+02 
 1.71132830e+04  4.70423092e+01  1.71132830e+04  1.18247125e+02 
 1.84784980e+04  4.65172546e+01  1.84784980e+04  1.16440884e+02 
 1.99526231e+04  4.59758389e+01  1.99526231e+04  1.14714928e+02 
 2.15443469e+04  4.54195543e+01  2.15443469e+04  1.13071452e+02 
 2.32630507e+04  4.48498496e+01  2.32630507e+04  1.11511428e+02 
 2.51188643e+04  4.42681069e+01  2.51188643e+04  1.10034761e+02 
 2.71227258e+04  4.36756258e+01  2.71227258e+04  1.08640447e+02 
 2.92864456e+04  4.30736130e+01  2.92864456e+04  1.07326731e+02 
 3.16227766e+04  4.24631767e+01  3.16227766e+04  1.06091258e+02 
 3.41454887e+04  4.18453252e+01  3.41454887e+04  1.04931210e+02 
 3.68694506e+04  4.12209683e+01  3.68694506e+04  1.03843427e+02 
 3.98107171e+04  4.05909214e+01  3.98107171e+04  1.02824512e+02 
 4.29866235e+04  3.99559107e+01  4.29866235e+04  1.01870921e+02 
 4.64158883e+04  3.93165797e+01  4.64158883e+04  1.00979037e+02 
 5.01187234e+04  3.86734959e+01  5.01187234e+04  1.00145227e+02 
 5.41169527e+04  3.80271578e+01  5.41169527e+04  9.93658886e+01 
 5.84341413e+04  3.73780020e+01  5.84341413e+04  9.86374872e+01 
 6.30957344e+04  3.67264096e+01  6.30957344e+04  9.79565821e+01 
 6.81292069e+04  3.60727126e+01  6.81292069e+04  9.73198445e+01 
 7.35642254e+04  3.54171993e+01  7.35642254e+04  9.67240710e+01 
 7.94328235e+04  3.47601198e+01  7.94328235e+04  9.61661898e+01 
 8.57695899e+04  3.41016908e+01  8.57695899e+04  9.56432649e+01 
 9.26118728e+04  3.34420995e+01  9.26118728e+04  9.51524955e+01 
 1.00000000e+05  3.27815076e+01  1.00000000e+05  9.46912139e+01 
 1.07977516e+05  3.21200546e+01  1.07977516e+05  9.42568804e+01 
 1.16591440e+05  3.14578607e+01  1.16591440e+05  9.38470782e+01 
 1.25892541e+05  3.07950292e+01  1.25892541e+05  9.34595059e+01 
 1.35935639e+05  3.01316493e+01  1.35935639e+05  9.30919701e+01 
 1.46779927e+05  2.94677973e+01  1.46779927e+05  9.27423769e+01 
 1.58489319e+05  2.88035387e+01  1.58489319e+05  9.24087234e+01 
 1.71132830e+05  2.81389299e+01  1.71132830e+05  9.20890891e+01 
 1.84784980e+05  2.74740190e+01  1.84784980e+05  9.17816265e+01 
 1.99526231e+05  2.68088470e+01  1.99526231e+05  9.14845528e+01 
 2.15443469e+05  2.61434490e+01  2.15443469e+05  9.11961402e+01 
 2.32630507e+05  2.54778547e+01  2.32630507e+05  9.09147075e+01 
 2.51188643e+05  2.48120894e+01  2.51188643e+05  9.06386109e+01 
 2.71227258e+05  2.41461743e+01  2.71227258e+05  9.03662350e+01 
 2.92864456e+05  2.34801269e+01  2.92864456e+05  9.00959843e+01 
 3.16227766e+05  2.28139618e+01  3.16227766e+05  8.98262740e+01 
 3.41454887e+05  2.21476910e+01  3.41454887e+05  8.95555212e+01 
 3.68694506e+05  2.14813236e+01  3.68694506e+05  8.92821357e+01 
 3.98107171e+05  2.08148667e+01  3.98107171e+05  8.90045113e+01 
 4.29866235e+05  2.01483254e+01  4.29866235e+05  8.87210164e+01 
 4.64158883e+05  1.94817024e+01  4.64158883e+05  8.84299847e+01 
 5.01187234e+05  1.88149989e+01  5.01187234e+05  8.81297054e+01 
 5.41169527e+05  1.81482140e+01  5.41169527e+05  8.78184137e+01 
 5.84341413e+05  1.74813449e+01  5.84341413e+05  8.74942804e+01 
 6.30957344e+05  1.68143868e+01  6.30957344e+05  8.71554017e+01 
 6.81292069e+05  1.61473329e+01  6.81292069e+05  8.67997878e+01 
 7.35642254e+05  1.54801741e+01  7.35642254e+05  8.64253521e+01 
 7.94328235e+05  1.48128988e+01  7.94328235e+05  8.60298994e+01 
 8.57695899e+05  1.41454927e+01  8.57695899e+05  8.56111131e+01 
 9.26118728e+05  1.34779384e+01  9.26118728e+05  8.51665427e+01 
 1.00000000e+06  1.28102151e+01  1.00000000e+06  8.46935901e+01 
 1.07977516e+06  1.21422980e+01  1.07977516e+06  8.41894958e+01 
 1.16591440e+06  1.14741578e+01  1.16591440e+06  8.36513235e+01 
 1.25892541e+06  1.08057600e+01  1.25892541e+06  8.30759453e+01 
 1.35935639e+06  1.01370642e+01  1.35935639e+06  8.24600251e+01 
 1.46779927e+06  9.46802302e+00  1.46779927e+06  8.18000020e+01 
 1.58489319e+06  8.79858112e+00  1.58489319e+06  8.10920730e+01 
 1.71132830e+06  8.12867402e+00  1.71132830e+06  8.03321752e+01 
 1.84784980e+06  7.45822660e+00  1.84784980e+06  7.95159673e+01 
 1.99526231e+06  6.78715150e+00  1.99526231e+06  7.86388114e+01 
 2.15443469e+06  6.11534718e+00  2.15443469e+06  7.76957546e+01 
 2.32630507e+06  5.44269582e+00  2.32630507e+06  7.66815108e+01 
 2.51188643e+06  4.76906082e+00  2.51188643e+06  7.55904437e+01 
 2.71227258e+06  4.09428401e+00  2.71227258e+06  7.44165509e+01 
 2.92864456e+06  3.41818250e+00  2.92864456e+06  7.31534503e+01 
 3.16227766e+06  2.74054516e+00  3.16227766e+06  7.17943693e+01 
 3.41454887e+06  2.06112865e+00  3.41454887e+06  7.03321380e+01 
 3.68694506e+06  1.37965308e+00  3.68694506e+06  6.87591888e+01 
 3.98107171e+06  6.95797290e-01  3.98107171e+06  6.70675621e+01 
 4.29866235e+06  9.19371041e-03  4.29866235e+06  6.52489223e+01 
 4.64158883e+06 -6.80577002e-01  4.64158883e+06  6.32945847e+01 
 5.01187234e+06 -1.37399154e+00  5.01187234e+06  6.11955579e+01 
 5.41169527e+06 -2.07158949e+00  5.41169527e+06  5.89426034e+01 
 5.84341413e+06 -2.77397865e+00  5.84341413e+06  5.65263170e+01 
 6.30957344e+06 -3.48183969e+00  6.30957344e+06  5.39372355e+01 
 6.81292069e+06 -4.19592982e+00  6.81292069e+06  5.11659731e+01 
 7.35642254e+06 -4.91708471e+00  7.35642254e+06  4.82033913e+01 
 7.94328235e+06 -5.64621814e+00  7.94328235e+06  4.50408056e+01 
 8.57695899e+06 -6.38431844e+00  8.57695899e+06  4.16702322e+01 
 9.26118728e+06 -7.13244073e+00  9.26118728e+06  3.80846752e+01 
 1.00000000e+07 -7.89169415e+00  1.00000000e+07  3.42784531e+01 
 1.07977516e+07 -8.66322290e+00  1.07977516e+07  3.02475600e+01 
 1.16591440e+07 -9.44818050e+00  1.16591440e+07  2.59900532e+01 
 1.25892541e+07 -1.02476966e+01  1.25892541e+07  2.15064535e+01 
 1.35935639e+07 -1.10628362e+01  1.35935639e+07  1.68001397e+01 
 1.46779927e+07 -1.18945528e+01  1.46779927e+07  1.18777134e+01 
 1.58489319e+07 -1.27436350e+01  1.58489319e+07  6.74930591e+00 
 1.71132830e+07 -1.36106509e+01  1.71132830e+07  1.42879565e+00 
 1.84784980e+07 -1.44958921e+01  1.84784980e+07 -4.06609506e+00 
 1.99526231e+07 -1.53993212e+01  1.99526231e+07 -9.71385372e+00 
 2.15443469e+07 -1.63205269e+01  2.15443469e+07 -1.54894043e+01 
 2.32630507e+07 -1.72586901e+01  2.32630507e+07 -2.13645199e+01 
 2.51188643e+07 -1.82125644e+01  2.51188643e+07 -2.73084208e+01 
 2.71227258e+07 -1.91804728e+01  2.71227258e+07 -3.32885425e+01 
 2.92864456e+07 -2.01603209e+01  2.92864456e+07 -3.92714406e+01 
 3.16227766e+07 -2.11496269e+01  3.16227766e+07 -4.52237868e+01 
 3.41454887e+07 -2.21455648e+01  3.41454887e+07 -5.11133943e+01 
 3.68694506e+07 -2.31450195e+01  3.68694506e+07 -5.69102095e+01 
 3.98107171e+07 -2.41446490e+01  3.98107171e+07 -6.25871999e+01 
 4.29866235e+07 -2.51409505e+01  4.29866235e+07 -6.81210807e+01 
 4.64158883e+07 -2.61303266e+01  4.64158883e+07 -7.34928307e+01 
 5.01187234e+07 -2.71091491e+01  5.01187234e+07 -7.86879701e+01 
 5.41169527e+07 -2.80738173e+01  5.41169527e+07 -8.36965895e+01 
 5.84341413e+07 -2.90208083e+01  5.84341413e+07 -8.85131455e+01 
 6.30957344e+07 -2.99467212e+01  6.30957344e+07 -9.31360523e+01 
 6.81292069e+07 -3.08483121e+01  6.81292069e+07 -9.75671169e+01 
 7.35642254e+07 -3.17225234e+01  7.35642254e+07 -1.01810872e+02 
 7.94328235e+07 -3.25665096e+01  7.94328235e+07 -1.05873863e+02 
 8.57695899e+07 -3.33776606e+01  8.57695899e+07 -1.09763946e+02 
 9.26118728e+07 -3.41536270e+01  9.26118728e+07 -1.13489632e+02 
 1.00000000e+08 -3.48923482e+01  1.00000000e+08 -1.17059525e+02 
 1.07977516e+08 -3.55920839e+01  1.07977516e+08 -1.20481855e+02 
 1.16591440e+08 -3.62514487e+01  1.16591440e+08 -1.23764141e+02 
 1.25892541e+08 -3.68694453e+01  1.25892541e+08 -1.26912960e+02 
 1.35935639e+08 -3.74454946e+01  1.35935639e+08 -1.29933833e+02 
 1.46779927e+08 -3.79794557e+01  1.46779927e+08 -1.32831209e+02 
 1.58489319e+08 -3.84716332e+01  1.58489319e+08 -1.35608534e+02 
 1.71132830e+08 -3.89227685e+01  1.71132830e+08 -1.38268392e+02 
 1.84784980e+08 -3.93340143e+01  1.84784980e+08 -1.40812686e+02 
 1.99526231e+08 -3.97068927e+01  1.99526231e+08 -1.43242849e+02 
 2.15443469e+08 -4.00432408e+01  2.15443469e+08 -1.45560059e+02 
 2.32630507e+08 -4.03451459e+01  2.32630507e+08 -1.47765439e+02 
 2.51188643e+08 -4.06148776e+01  2.51188643e+08 -1.49860229e+02 
 2.71227258e+08 -4.08548189e+01  2.71227258e+08 -1.51845918e+02 
 2.92864456e+08 -4.10674020e+01  2.92864456e+08 -1.53724339e+02 
 3.16227766e+08 -4.12550505e+01  3.16227766e+08 -1.55497715e+02 
 3.41454887e+08 -4.14201312e+01  3.41454887e+08 -1.57168671e+02 
 3.68694506e+08 -4.15649154e+01  3.68694506e+08 -1.58740219e+02 
 3.98107171e+08 -4.16915501e+01  3.98107171e+08 -1.60215716e+02 
 4.29866235e+08 -4.18020387e+01  4.29866235e+08 -1.61598808e+02 
 4.64158883e+08 -4.18982292e+01  4.64158883e+08 -1.62893369e+02 
 5.01187234e+08 -4.19818099e+01  5.01187234e+08 -1.64103431e+02 
 5.41169527e+08 -4.20543098e+01  5.41169527e+08 -1.65233127e+02 
 5.84341413e+08 -4.21171032e+01  5.84341413e+08 -1.66286627e+02 
 6.30957344e+08 -4.21714180e+01  6.30957344e+08 -1.67268090e+02 
 6.81292069e+08 -4.22183445e+01  6.81292069e+08 -1.68181617e+02 
 7.35642254e+08 -4.22588466e+01  7.35642254e+08 -1.69031220e+02 
 7.94328235e+08 -4.22937727e+01  7.94328235e+08 -1.69820788e+02 
 8.57695899e+08 -4.23238668e+01  8.57695899e+08 -1.70554068e+02 
 9.26118728e+08 -4.23497793e+01  9.26118728e+08 -1.71234649e+02 
 1.00000000e+09 -4.23720775e+01  1.00000000e+09 -1.71865950e+02 
